0 0.250012 0.396215 0.026992 0.029319
0 0.211777 0.398549 0.026992 0.033986
0 0.184770 0.388569 0.019836 0.025361
0 0.410105 0.431757 0.030367 0.029264
0 0.375621 0.440257 0.034695 0.030847
0 0.346391 0.490521 0.042719 0.059958
0 0.266566 0.482528 0.044070 0.055167
0 0.259371 0.551285 0.042273 0.059958
0 0.433648 0.939562 0.141344 0.120875
0 0.816137 0.923236 0.155367 0.153444
0 0.583984 0.523118 0.051406 0.045514
0 0.528711 0.726479 0.068359 0.103097
0 0.718422 0.604090 0.064609 0.080347
0 0.850078 0.562396 0.061766 0.079153
0 0.785410 0.561993 0.099039 0.095264
0 0.276934 0.604681 0.046836 0.076667
0 0.456922 0.587201 0.055906 0.070347
0 0.575605 0.480167 0.052039 0.051056
0 0.386320 0.626479 0.060344 0.094069
0 0.482926 0.471910 0.041492 0.029542
0 0.482750 0.459958 0.040453 0.051111
0 0.306184 0.413299 0.020102 0.019597
0 0.613719 0.476444 0.036594 0.034639
0 0.777562 0.422618 0.046359 0.053514
0 0.455359 0.518375 0.050219 0.060389
