0 0.842543 0.615944 0.072773 0.069472
0 0.778332 0.642958 0.087617 0.117111
0 0.623305 0.679708 0.078016 0.101861
0 0.262273 0.898542 0.121719 0.191667
0 0.552844 0.472118 0.052297 0.055625
0 0.292566 0.503799 0.040148 0.049764
0 0.236941 0.442972 0.034102 0.031000
0 0.229969 0.469944 0.033812 0.037333
0 0.328070 0.538250 0.041984 0.065389
0 0.990824 0.642319 0.018023 0.057972
0 0.438078 0.582187 0.048578 0.062819
0 0.407578 0.446931 0.027422 0.032222
0 0.380160 0.514236 0.043930 0.060028
0 0.463715 0.451340 0.035055 0.036986
0 0.517059 0.435174 0.043867 0.037319
0 0.616543 0.497646 0.051570 0.059653
0 0.285625 0.625569 0.053938 0.103528
0 0.736105 0.518403 0.052773 0.050639
0 0.700043 0.537701 0.057023 0.058625
0 0.476270 0.632667 0.059898 0.081889
0 0.385973 0.483903 0.038117 0.041944
0 0.461570 0.521813 0.053250 0.064653
0 0.371496 0.440097 0.026320 0.030611
0 0.344996 0.417083 0.024320 0.023222
0 0.300344 0.393944 0.024313 0.036000
0 0.324102 0.444618 0.040359 0.049542
0 0.265668 0.415889 0.022555 0.018500
0 0.174148 0.379160 0.064125 0.071986
0 0.255488 0.400486 0.021742 0.024000
0 0.228973 0.403653 0.022695 0.028333
0 0.275355 0.462799 0.035617 0.034653
0 0.270680 0.434972 0.032594 0.024333
0 0.662434 0.464840 0.045164 0.043708
0 0.543266 0.583486 0.057031 0.077111
