0 0.491508 0.462472 0.038531 0.040222
0 0.626020 0.499549 0.052102 0.053181
0 0.447813 0.457743 0.046500 0.048264
0 0.440617 0.581764 0.052109 0.067083
0 0.353422 0.465382 0.048797 0.066292
0 0.972687 0.728271 0.054625 0.142569
0 0.835270 0.553833 0.083180 0.072556
0 0.373344 0.425833 0.042094 0.027361
0 0.365230 0.436410 0.038586 0.033042
0 0.325437 0.419632 0.031062 0.030458
0 0.252914 0.458604 0.038609 0.026847
0 0.175336 0.389187 0.020609 0.019097
0 0.200305 0.398729 0.021781 0.021681
0 0.215691 0.398215 0.014227 0.025819
0 0.286824 0.403896 0.026414 0.029931
0 0.244000 0.433056 0.038906 0.033556
0 0.247406 0.521944 0.040969 0.083889
0 0.339262 0.539806 0.040086 0.067778
0 0.291449 0.591743 0.083336 0.174764
0 0.722699 0.548438 0.064523 0.070153
0 0.595125 0.528715 0.048922 0.060597
0 0.839027 0.618604 0.091758 0.080875
0 0.499820 0.556868 0.065250 0.073042
0 0.532348 0.674667 0.070008 0.105194
