0 0.284801 0.690958 0.060633 0.132806
0 0.313867 0.415049 0.029781 0.041597
0 0.366016 0.424792 0.040141 0.047306
0 0.246949 0.907264 0.098727 0.153556
0 0.877773 0.645674 0.082687 0.071264
0 0.576258 0.483083 0.050875 0.052889
0 0.774734 0.870417 0.118641 0.148306
0 0.456187 0.604014 0.051344 0.077194
0 0.715336 0.513646 0.055375 0.059792
0 0.700340 0.598917 0.066695 0.071306
0 0.267227 0.587076 0.047422 0.076542
0 0.521508 0.653722 0.071312 0.110250
0 0.850840 0.694007 0.089523 0.083181
0 0.340656 0.542938 0.051359 0.061986
0 0.409402 0.675194 0.059086 0.113833
0 0.495883 0.545063 0.054438 0.060986
0 0.677211 0.960569 0.120531 0.078861
0 0.175543 0.393951 0.017477 0.020069
0 0.211285 0.401819 0.021242 0.029500
0 0.228547 0.385882 0.026109 0.022819
0 0.240496 0.407722 0.034523 0.024000
0 0.265723 0.396313 0.022570 0.016125
0 0.229984 0.451590 0.037406 0.037764
0 0.264730 0.483535 0.037398 0.041708
0 0.235734 0.519931 0.035187 0.050750
0 0.422629 0.537472 0.054883 0.081056
0 0.444980 0.463313 0.035414 0.037375
0 0.460469 0.447375 0.025672 0.036972
0 0.487914 0.435771 0.035406 0.041319
