0 0.567258 0.446701 0.042359 0.034653
0 0.191152 0.439299 0.025977 0.039736
0 0.188922 0.394083 0.024687 0.025694
0 0.232437 0.398007 0.019359 0.023403
0 0.253582 0.402924 0.030555 0.030431
0 0.295133 0.464556 0.044375 0.051194
0 0.860555 0.704715 0.103266 0.097236
0 0.345633 0.486917 0.042000 0.053278
0 0.307414 0.529340 0.047016 0.072653
0 0.985582 0.636264 0.028383 0.087583
0 0.830715 0.612056 0.071617 0.062139
0 0.662656 0.521965 0.054688 0.044931
0 0.632973 0.561507 0.050945 0.050625
0 0.239656 0.521167 0.040266 0.063167
0 0.382117 0.624201 0.050766 0.077236
0 0.340457 0.421069 0.031586 0.039028
0 0.423809 0.421687 0.037070 0.034153
0 0.507133 0.464465 0.040359 0.037986
0 0.273965 0.839493 0.085648 0.135764
0 0.853082 0.942514 0.107055 0.108250
0 0.433809 0.898340 0.105680 0.199069
0 0.597160 0.641222 0.074617 0.088778
0 0.562609 0.489333 0.046172 0.042833
