0 0.403664 0.413889 0.033609 0.036250
0 0.369977 0.476694 0.036922 0.044583
0 0.433363 0.509507 0.050852 0.068097
0 0.390176 0.636437 0.087070 0.190708
0 0.736375 0.798660 0.114937 0.173375
0 0.196074 0.388639 0.022336 0.022750
0 0.213207 0.400396 0.026242 0.027764
0 0.333816 0.486021 0.042555 0.046042
0 0.322051 0.417250 0.041477 0.034167
0 0.913605 0.577306 0.082945 0.086500
0 0.251699 0.551090 0.041086 0.049458
0 0.292254 0.506646 0.039008 0.062097
0 0.328020 0.541375 0.038570 0.062972
0 0.508844 0.566375 0.054641 0.063167
0 0.897281 0.460250 0.070922 0.064389
0 0.301063 0.596229 0.042797 0.074347
0 0.544289 0.733528 0.073797 0.110306
0 0.748547 0.577972 0.070609 0.064361
0 0.737738 0.492535 0.051555 0.051847
0 0.293238 0.778486 0.072430 0.150000
0 0.262480 0.405792 0.037086 0.030833
0 0.289914 0.439722 0.036875 0.040861
0 0.261066 0.453986 0.033398 0.041639
0 0.260527 0.485604 0.036648 0.043958
