0 0.323359 0.525854 0.047531 0.070875
0 0.825617 0.553174 0.072453 0.071042
0 0.765852 0.602361 0.068687 0.075500
0 0.559059 0.775174 0.082117 0.124764
0 0.835090 0.689382 0.090305 0.084542
0 0.485961 0.466681 0.033984 0.043111
0 0.555629 0.460847 0.035242 0.038972
0 0.282715 0.652715 0.056102 0.099875
0 0.502848 0.649896 0.069930 0.107847
0 0.245195 0.468882 0.037844 0.045958
0 0.352063 0.438153 0.024984 0.019639
0 0.474445 0.467375 0.056922 0.043306
0 0.396699 0.429840 0.020930 0.020986
0 0.973367 0.719396 0.053266 0.093431
0 0.622551 0.450257 0.047805 0.034542
0 0.631488 0.477208 0.050133 0.038694
0 0.616914 0.501389 0.049750 0.045611
0 0.218625 0.928868 0.123969 0.142264
0 0.433508 0.949299 0.126078 0.101403
0 0.385027 0.484354 0.046492 0.043653
0 0.261305 0.544806 0.040641 0.060389
0 0.314797 0.476590 0.044609 0.037319
0 0.322422 0.419903 0.032531 0.024278
0 0.304098 0.402743 0.031008 0.024681
0 0.272652 0.406792 0.028414 0.031222
0 0.206289 0.393687 0.037516 0.031236
