0 0.929129 0.608486 0.083602 0.075306
0 0.676910 0.580743 0.062211 0.066819
0 0.522504 0.693181 0.066523 0.116250
0 0.682719 0.721694 0.086203 0.128083
0 0.811191 0.676153 0.085023 0.082917
0 0.170391 0.391549 0.014078 0.017764
0 0.188699 0.394507 0.019461 0.020931
0 0.213027 0.440028 0.032773 0.030056
0 0.236711 0.402021 0.026891 0.028681
0 0.263855 0.409979 0.022789 0.022764
0 0.262953 0.447771 0.038922 0.030958
0 0.240934 0.467340 0.035852 0.034597
0 0.202398 0.475076 0.032000 0.042792
0 0.237734 0.521736 0.037641 0.043250
0 0.342332 0.490104 0.040461 0.046431
0 0.347582 0.466201 0.037133 0.028681
0 0.312633 0.416354 0.027141 0.025486
0 0.878020 0.959729 0.122398 0.068264
0 0.536809 0.434618 0.037414 0.037319
0 0.473586 0.423312 0.046453 0.038208
0 0.376793 0.415674 0.025461 0.034681
0 0.391340 0.439771 0.031742 0.035264
0 0.679223 0.961910 0.106617 0.076181
0 0.448746 0.465028 0.037680 0.044417
0 0.663152 0.476292 0.043758 0.030861
0 0.282738 0.782111 0.078508 0.169556
0 0.936516 0.692208 0.085641 0.076556
0 0.979398 0.580125 0.041125 0.071694
0 0.447281 0.573403 0.053781 0.065833
0 0.500797 0.481347 0.047594 0.049361
0 0.545809 0.584646 0.067820 0.098014
0 0.285445 0.632812 0.046516 0.069514
0 0.275223 0.589354 0.041477 0.059514
0 0.329590 0.546965 0.041773 0.058986
0 0.610254 0.474090 0.050336 0.051625
0 0.596523 0.529813 0.038641 0.048931
0 0.397578 0.657521 0.069687 0.137236
