0 0.362152 0.410806 0.027914 0.023667
0 0.343379 0.430722 0.028164 0.023972
0 0.373125 0.512514 0.040063 0.053583
0 0.320574 0.478667 0.038867 0.038083
0 0.275754 0.490306 0.038070 0.044417
0 0.652910 0.438229 0.123648 0.080431
0 0.258871 0.551736 0.041852 0.064583
0 0.800590 0.506889 0.063258 0.047667
0 0.302340 0.419965 0.020992 0.017931
0 0.955594 0.604542 0.060469 0.071000
0 0.565293 0.478840 0.051898 0.052153
0 0.263730 0.947451 0.093383 0.105097
0 0.470148 0.974757 0.103203 0.050486
0 0.628031 0.873063 0.120406 0.172569
0 0.507375 0.422340 0.104891 0.093236
0 0.180094 0.391910 0.019719 0.023208
0 0.283914 0.402771 0.028422 0.024681
0 0.249684 0.401896 0.027773 0.028208
0 0.214062 0.395132 0.032891 0.028208
0 0.682031 0.497563 0.052500 0.052875
0 0.709703 0.551840 0.060687 0.062014
0 0.821996 0.559021 0.068773 0.055764
0 0.424316 0.566549 0.052336 0.080403
0 0.301055 0.650069 0.051656 0.093056
0 0.332496 0.536979 0.043039 0.062375
0 0.778430 0.655236 0.084578 0.071583
0 0.567648 0.498556 0.055547 0.091250
0 0.388398 0.428097 0.032781 0.032778
