0 0.686523 0.742688 0.090188 0.116347
0 0.635223 0.557438 0.058961 0.051931
0 0.772852 0.652861 0.078312 0.090583
0 0.814422 0.519597 0.059906 0.057917
0 0.768801 0.568944 0.067367 0.067306
0 0.608117 0.889674 0.110719 0.182292
0 0.275813 0.707993 0.062688 0.101264
0 0.271941 0.832722 0.080508 0.161889
0 0.497332 0.481389 0.042758 0.038750
0 0.462691 0.949444 0.114289 0.095083
0 0.326355 0.416861 0.034852 0.035861
0 0.762918 0.409319 0.037430 0.050444
0 0.965617 0.707667 0.064375 0.065278
0 0.558117 0.460069 0.057359 0.053750
0 0.273887 0.486681 0.037523 0.049361
0 0.306746 0.468174 0.039039 0.042403
0 0.237996 0.531785 0.037305 0.053208
0 0.241684 0.407833 0.022555 0.021972
0 0.268793 0.406292 0.020383 0.025833
0 0.192449 0.396847 0.017352 0.016194
0 0.379848 0.619076 0.053070 0.096736
0 0.477883 0.611083 0.062062 0.090333
0 0.398398 0.445750 0.034547 0.028389
0 0.429461 0.438007 0.040937 0.037681
0 0.596551 0.460042 0.033836 0.044333
