0 0.262816 0.414083 0.021742 0.021000
0 0.628617 0.510549 0.052250 0.047597
0 0.650879 0.573160 0.051320 0.038792
0 0.467348 0.438743 0.040352 0.050375
0 0.308668 0.521285 0.039961 0.057486
0 0.544996 0.502125 0.044727 0.050056
0 0.657918 0.699174 0.088586 0.113542
0 0.401004 0.677424 0.060992 0.114903
0 0.443539 0.502944 0.049437 0.066778
0 0.369398 0.587653 0.046719 0.076750
0 0.390766 0.585007 0.090297 0.082125
0 0.409316 0.582924 0.053508 0.068403
0 0.693453 0.502632 0.035781 0.050653
0 0.419145 0.430715 0.037492 0.040236
0 0.344941 0.410542 0.037930 0.037472
0 0.873773 0.931986 0.148703 0.136028
0 0.172379 0.395917 0.018180 0.022000
0 0.187551 0.391590 0.015539 0.017319
0 0.217074 0.404917 0.021352 0.022000
0 0.238910 0.401417 0.020445 0.017667
0 0.250539 0.446569 0.036172 0.032000
0 0.257746 0.479729 0.036758 0.038319
0 0.703902 0.503556 0.056852 0.056694
0 0.296453 0.416910 0.029031 0.025986
0 0.332172 0.480396 0.039734 0.044986
0 0.377812 0.476896 0.042172 0.033319
0 0.542902 0.454958 0.047883 0.043694
0 0.531523 0.578826 0.055406 0.065847
0 0.665344 0.964875 0.110094 0.070250
0 0.597602 0.826569 0.094047 0.139778
0 0.498109 0.628722 0.066484 0.102194
0 0.766156 0.642278 0.077375 0.085111
0 0.920125 0.651618 0.100234 0.102764
