0 0.369422 0.509257 0.048062 0.060681
0 0.459184 0.958542 0.113602 0.082917
0 0.560852 0.510090 0.048672 0.048569
0 0.289469 0.501903 0.037484 0.041806
0 0.697781 0.591556 0.142875 0.134139
0 0.779273 0.545604 0.044672 0.039958
0 0.745027 0.559569 0.055695 0.054778
0 0.396125 0.691528 0.059344 0.093444
0 0.659371 0.514181 0.059820 0.047861
0 0.240484 0.466326 0.041906 0.049708
0 0.502387 0.554028 0.049195 0.056472
0 0.267316 0.539250 0.040164 0.069194
0 0.620637 0.550562 0.052273 0.055542
0 0.866848 0.720812 0.096039 0.097514
0 0.203738 0.484187 0.039398 0.060264
0 0.192844 0.435528 0.024344 0.030333
0 0.222832 0.426611 0.035633 0.025861
0 0.216180 0.398951 0.032375 0.025875
0 0.356199 0.419701 0.028852 0.019181
0 0.348691 0.428840 0.032648 0.029014
0 0.436336 0.440583 0.030703 0.031778
0 0.508242 0.443347 0.115437 0.134056
0 0.428562 0.505535 0.043922 0.051125
